$ANSIBLE_VAULT;1.1;AES256
65346264636638666662643839613462313362306235613833393938373237633739643133346162
3463653262333736346534393133613338613461316261640a393636356439346164323032643637
66636430656439343863323765623834336464376435326637666561343361306261323135343331
3365353133616361300a373163633135663963313130633065356261343439656337616466353964
36373163646136313436393732663935653234316532643163613937633764313939633662323838
35663063663765633234333464646164356563313361343938326666623361393963383162303565
31383232326137336161333130376266393939666133373234363564303039366135616664363166
63393735353933343935316538646439646162643932356536313030323164396236313334353761
62613331303834353739346566383137366237623163383731623663643330366365636235643030
36343762373363376536333737613338646635356636333263306166396262376337306338366536
35313436626333643032363530666131656430303636393336366135646464643439666435653462
64303964646538613635643664643633623864303366633633373539653431323864333862626231
38653832656331346261643139373562623932373338613731396166633133383566643439626162
61373565306639326463376635633464393562633839396363323663346164623961363062353233
31363834646237396633376165653231396430313263373236313733663732386236363733336438
66316365366635343530343437326235373462623834643366633863333564363234343363303138
63313230343761623633343164393661363532643861366636316134646562663066393665356339
35323935306334323735373364363537626130383634653635306364393263303635633830383839
30373761393763613461313232626534386431626364633564366664656362323330653465633939
39373761366466396263323539383133303762343036303830316266313830303961353936326663
35373738383633666535373364383063333831316366386463336534346130306633636337633766
6665663130316235363663646333323632393764303963613339
