$ANSIBLE_VAULT;1.1;AES256
33646137393232393034383334356264333239346462373666376432393335336635353466386563
6264383039333363383463663539346138313435313333620a363865623932346663623431313136
63623231316537333364663330336663333738396536383037323636626231343430393335393930
6537356137626631300a653437313131633331316430386636653039303135363431623161396161
37643238613338363037363766353165313538363638653731656637373838663837613531656164
66313664633061303930633763386364396132343032646365383039313961343266386163346432
61393133613261663535316537653330643932366336333862323361646630623134326233656136
33616436383033656365383234343837663637363062393933643561646136306461396437643336
64393238666132366433613039393966343066373364623731313234303334313431333034343666
34643662636639623232316535666430663638303234393438663262356638633231363338386666
63376263316239666663613633643731626630326533653331613162646461383566363065386661
32613861626233303463343061323166656161373934333766366637623937303736626162653938
32646661383762666263326161623166626532393536613337346532626136363632333565303836
37353635356161353537613633343530623633393137626261356233386431396365626465383133
34353461316165303831626338626436336636383130343264326331333162343633663430373035
37343638626135323036326364636535646163326366363764333866613935633336613139626662
3233
