$ANSIBLE_VAULT;1.1;AES256
30366565306539333532373036623332623038666662353065633266373064303439303837363831
6436333733636465376131613239373763396135613738390a376636336532393231373132616438
38343837663235366537646437363565643565643065373339313261363731613339626565666132
3562363438343239370a623761366638656666303136666635663834616462326266323632346335
34303564303137353737643937333136303065666366363035343466613066656364316565336163
32353837633364633634356265306133396435386433323161306232313933333334363937366664
36383733366563663865623535656238353430363833623235636635663365373331363835663561
31323030663731616662633662326439393533373532313836623937616566343735643862616665
64663662636236633138396535316134613134336130306337343235636235313162353731313439
64353231303364363433373537353864636534376632313634653734613531393931373236386664
30343332343239636363383934653839656166666539303661363135313263363962366433646637
35306530353565383536383535333339316166323236653338636638303035333038393534336665
62373266303966306134373865306336653061353130653965646362363239623639336134303930
65383234343431643236643332353434303831356339376566353438386662373131643465316235
36306361373235626136373166613234396566343066393838663565343432366437613033643862
38626237323364353464656233613064363135323032376539636531386236613439326433656539
32336439663461363032383636656564366162623131643061616562356633666632386634353334
37656664643630376333386337383232623332396237653232386136313437653136313761316361
35363765386666363430663836333035626139343931623634653464383064313566633830616662
31656132623864356135343433656364343237363435653537346561333964613966383166666236
36643465333038633334623639646239363131303536393930666565663532663130316366623961
66643439363363383436393164653333646364653062656230386230343939306639636439383330
65666664323764386666613731663363306232343635336231663230623632383664373336353762
62376535633330613362616666663630346431663931393230376662333831653365633433353865
35366435313039326330356664333761356563393963646532333138623861656131313839353231
33366337386334663837376264303861343635316434616363663432323362316239393737643237
38366434346336383439373362396335356131653264376336633831373237336166343633333133
65626138376163346234643231623961366365663962366132363638636430353066613532356337
61613036396638383232326237653734353233623034356562366635353932623665343066346637
30613839366238653235346332303638306466653932366363373430613331383033653633303339
65326436306363663533316335396262653462623730613234346335633031386163366133353861
34326263653135626666306233633733346130386537363062643466636465396461333362386464
6135
